dada2_input	filtered	dada_f	dada_r	merged	nonchim	final_perc_reads_retained
BT01_F01_S3_W17_1_	35798	31792	31516	31556	30902	30067	84
BT01_F01_S4_W17_1_	8809	8268	8127	8203	7960	7575	86
BT01_F02_S3_W17_1_	33052	31148	30918	30685	29304	27321	82.7
BT01_F02_S4_W17_1_	27722	24432	24220	24168	23734	23237	83.8
BT01_F03_S3_W17_1_	101344	90391	90012	89976	88188	82577	81.5
BT01_F03_S4_W17_1_	7955	6525	6486	6479	6422	6402	80.5
BT01_F04_S3_W17_1_	7918	6981	6964	6932	6886	6758	85.3
BT01_F04_S4_W17_1_	6403	5288	5225	5205	5131	5124	80
BT01_F05_S3_W17_1_	312309	263029	262280	262373	260182	253731	81.2
BT01_F05_S4_W17_1_	124917	112988	112189	111360	106965	99100	79.3
BT01_F06_S3_W17_1_	3395	2918	2811	2865	2689	2399	70.7
BT01_F06_S4_W17_1_	26559	23750	23548	23405	22919	21405	80.6
BT01_F07_S4_W17_1_	20151	18654	18558	18459	17606	17148	85.1
BT01_F08_S3_W17_1_	16192	14723	14652	14601	14425	14314	88.4
BT01_F08_S4_W17_1_	146982	123491	123237	123182	122316	118794	80.8
BT01_F09_S3_W17_1_	26617	24129	23937	23991	23538	23282	87.5
BT01_F09_S4_W17_1_	839	769	745	739	722	715	85.2
BT01_F10_S3_W17_1_	68729	61709	61466	61370	60612	57792	84.1
BT01_F10_S4_W17_1_	3386	3033	3012	2984	2856	2839	83.8
BT01_F11_S3_W17_1_	8208	7183	7128	7089	6926	6540	79.7
BT01_F11_S4_W17_1_	15611	13823	13778	13720	13576	13005	83.3
BT01_F12_S3_W17_1_	3234	2930	2851	2848	2696	2403	74.3
BT01_F12_S4_W17_1_	10151	9329	9271	9234	9109	8931	88
BT01_F13_S3_W17_1_	10249	9354	9297	9270	9149	8963	87.5
BT01_F13_S4_W17_1_	7012	6447	6354	6362	6200	5300	75.6
BT01_F14_S3_W17_1_	26667	23281	23145	23073	22785	22257	83.5
BT01_F14_S4_W17_1_	75813	69832	69223	69120	67142	65002	85.7
BT01_F15_S3_W17_1_	16226	14351	14283	14207	14099	13870	85.5
BT01_F15_S4_W17_1_	45778	39900	39556	39518	38617	37269	81.4
BT01_F16_S3_W17_1_	29115	25820	25717	25624	25311	24796	85.2
BT01_F16_S4_W17_1_	42239	37580	37480	37303	36785	34308	81.2
BT01_F17_S3_W17_1_	5954	5026	4893	4947	4689	3934	66.1
BT01_F17_S4_W17_1_	5876	5054	4942	4898	4599	4468	76
BT01_F18_S3_W17_1_	17737	16220	16037	16009	15363	14957	84.3
BT01_F18_S4_W17_1_	15814	14430	14265	14291	13920	13590	85.9
BT01_F19_S3_W17_1_	28342	24301	24178	24185	23095	22592	79.7
BT01_F19_S4_W17_1_	23784	20707	20514	20386	19468	18479	77.7
BT01_F20_S3_W17_1_	148808	140780	140235	139965	138154	135326	90.9
BT01_F20_S4_W17_1_	35320	31918	31605	31382	29997	28001	79.3
BT01_F21_S3_W17_1_	30508	26808	26622	26667	26199	26097	85.5
BT01_F21_S4_W17_1_	32452	29246	29152	29113	28928	28753	88.6
BT01_F22_S3_W17_1_	89341	82150	81426	81023	78068	73813	82.6
BT01_F22_S4_W17_1_	25879	21649	21512	21519	19872	18736	72.4
BT01_F23_S3_W17_1_	75019	68679	68150	68288	66539	62402	83.2
BT01_F23_S4_W17_1_	58043	53096	52486	51925	49288	47642	82.1
BT01_F24_S3_W17_1_	11954	11030	10859	10886	10599	10356	86.6
BT01_F24_S4_W17_1_	85725	75826	75401	75503	74412	72966	85.1
BT01_F25_S3_W17_1_	20364	17564	17337	17357	16929	16420	80.6
BT01_F25_S4_W17_1_	22495	20314	20231	20177	19857	19287	85.7
BT01_F26_S3_W17_1_	33075	28273	28025	27862	26768	24532	74.2
BT01_F26_S4_W17_1_	16367	14753	14664	14623	14411	13773	84.2
BT01_F27_S3_W17_1_	16652	14829	14641	14689	14224	13195	79.2
BT01_F27_S4_W17_1_	32347	30171	29800	29759	28747	28022	86.6
BT01_F28_S3_W17_1_	86228	70960	70699	70659	69675	68709	79.7
BT01_F28_S4_W17_1_	10842	9128	9023	9072	7823	7593	70
BT01_F29_S3_W17_1_	128467	115044	113992	114357	111445	107655	83.8
BT01_F29_S4_W17_1_	11091	9882	9758	9757	9211	8775	79.1
BT01_F30_S3_W17_1_	94390	84278	83625	83456	75988	74782	79.2
BT01_F30_S4_W17_1_	127173	112225	111746	111628	110193	97660	76.8
BT01_F31_S3_W17_1_	56878	53526	53115	53014	51353	49012	86.2
BT01_F31_S4_W17_1_	112330	102695	102026	101899	99676	96291	85.7
BT01_F32_S3_W17_1_	24495	20228	20002	19960	19518	18690	76.3
BT01_F32_S4_W17_1_	55546	50217	49964	50108	49688	49281	88.7
BT01_F33_S3_W17_1_	73923	64218	63898	63707	62226	59315	80.2
BT01_F33_S4_W17_1_	9570	8398	8318	8327	8130	7821	81.7
BT01_F34_S3_W17_1_	7236	6209	6194	6179	6159	6095	84.2
BT01_F34_S4_W17_1_	11191	9889	9680	9750	9378	9195	82.2
BT01_F35_S3_W17_1_	81096	74890	73294	74032	69286	64503	79.5
BT01_F35_S4_W17_1_	83714	72462	72079	72196	71094	70152	83.8
BT01_F36_S3_W17_1_	57690	52041	51731	51492	50356	48320	83.8
BT01_F36_S4_W17_1_	14812	13632	13584	13542	13460	13347	90.1
BT01_F37_S3_W17_1_	8610	7642	7580	7494	7343	6662	77.4
BT01_F37_S4_W17_1_	2181	1906	1853	1859	1754	1706	78.2
BT01_F38_S3_W17_1_	30293	27123	26868	26963	26450	26057	86
BT01_F38_S4_W17_1_	10972	9689	9537	9549	9135	8529	77.7
BT01_F39_S3_W17_1_	72686	62208	61539	61476	59487	57872	79.6
BT01_F39_S4_W17_1_	5516	4738	4659	4674	4576	4226	76.6
BT01_F40_S3_W17_1_	27842	24266	24226	24129	23885	22233	79.9
BT01_F40_S4_W17_1_	80646	72754	72184	72518	71045	66880	82.9
BT02_F01_S3_W17_1_	21866	19413	19321	19276	19000	18725	85.6
BT02_F01_S4_W17_1_	12405	10863	10780	10802	10698	10611	85.5
BT02_F02_S3_W17_1_	19303	17356	17254	17171	16440	16337	84.6
BT02_F02_S4_W17_1_	85266	79540	78966	78889	77097	74266	87.1
BT02_F03_S3_W17_1_	51861	46778	46460	46357	44759	42138	81.3
BT02_F03_S4_W17_1_	32713	29057	28883	28802	28108	27595	84.4
BT02_F04_S3_W17_1_	35045	31038	30909	30849	30470	29139	83.1
BT02_F04_S4_W17_1_	57187	52742	52483	52193	51487	49237	86.1
BT02_F05_S3_W17_1_	3250	2877	2808	2832	2616	2537	78.1
BT02_F05_S4_W17_1_	31682	29469	29180	29010	27338	25721	81.2
BT02_F06_S3_W17_1_	42907	36720	36613	36495	35629	35077	81.8
BT02_F06_S4_W17_1_	5255	4586	4484	4443	3360	3287	62.5
BT02_F07_S3_W17_1_	32617	30079	29983	29862	29496	28703	88
BT02_F07_S4_W17_1_	182401	165107	164046	163517	158163	148081	81.2
BT02_F08_S3_W17_1_	21637	18692	18602	18617	18474	18190	84.1
BT02_F08_S4_W17_1_	22551	18993	18851	18728	17077	16856	74.7
BT02_F09_S3_W17_1_	39654	35383	34910	35135	34140	33654	84.9
BT02_F09_S4_W17_1_	35237	31594	31314	31412	24283	22623	64.2
BT02_F10_S3_W17_1_	28148	24541	24079	24128	23092	22352	79.4
BT02_F10_S4_W17_1_	51572	47119	46904	46730	46138	45293	87.8
BT03_F01_S3_W17_1_	36774	33670	33424	33409	32668	31735	86.3
BT03_F01_S4_W17_1_	1379	1192	1146	1134	1057	1043	75.6
BT03_F02_S3_W17_1_	59394	53073	52737	52710	51540	48828	82.2
BT03_F02_S4_W17_1_	68702	47019	46508	46624	44272	38103	55.5
BT03_F03_S3_W17_1_	8002	7044	6915	6979	6768	6166	77.1
BT03_F03_S4_W17_1_	93703	87226	86681	86432	84464	80017	85.4
BT03_F04_S3_W17_1_	67794	63744	63494	63375	62529	59495	87.8
BT03_F04_S4_W17_1_	29189	25729	25664	25573	25314	24423	83.7
BT03_F05_S3_W17_1_	65949	57309	56955	56652	54514	49648	75.3
BT03_F05_S4_W17_1_	69844	65813	65652	65550	65220	64784	92.8
BT03_F06_S3_W17_1_	9402	8299	8160	8153	7632	7464	79.4
BT03_F06_S4_W17_1_	19113	16902	16772	16733	16210	15378	80.5
BT03_F07_S3_W17_1_	24850	22044	21967	21937	21811	21709	87.4
BT03_F07_S4_W17_1_	22302	20083	19979	19956	19642	17252	77.4
BT03_F08_S3_W17_1_	97085	86369	86204	86120	85494	84788	87.3
BT03_F08_S4_W17_1_	22076	19367	19203	19242	18945	18247	82.7
BT03_F09_S3_W17_1_	6624	5986	5932	5906	5834	5786	87.3
BT03_F09_S4_W17_1_	41205	37535	37501	37395	37097	35855	87
BT03_F10_S3_W17_1_	39502	33068	32854	32900	32497	31229	79.1
BT03_F10_S4_W17_1_	56226	51931	51687	51734	50945	49631	88.3
BT04_F01_S3_W17_1_	11408	9998	9967	9947	9899	9860	86.4
BT04_F01_S4_W17_1_	56466	51092	50882	50798	50247	48287	85.5
BT04_F02_S3_W17_1_	195501	168220	167630	167518	165583	158922	81.3
BT04_F02_S4_W17_1_	273564	235269	234847	234771	232152	220920	80.8
BT04_F03_S3_W17_1_	19253	17130	16934	16794	15986	14868	77.2
BT04_F03_S4_W17_1_	9371	8570	8474	8422	8205	7540	80.5
BT04_F04_S3_W17_1_	135296	110811	110158	109943	107713	103194	76.3
BT04_F04_S4_W17_1_	17668	14908	14771	14807	13921	13636	77.2
BT04_F05_S3_W17_1_	53107	47510	47220	47207	46510	45302	85.3
BT04_F05_S4_W17_1_	220417	188967	188340	188120	185837	175924	79.8
BT04_F06_S3_W17_1_	94650	88092	87458	87749	85939	80944	85.5
BT04_F06_S4_W17_1_	67979	56670	56483	56494	56148	55937	82.3
BT04_F07_S3_W17_1_	121001	106148	105511	105720	103074	101516	83.9
BT04_F07_S4_W17_1_	10537	9467	9397	9263	9151	8844	83.9
BT04_F08_S3_W17_1_	35396	32041	31366	31322	29539	27346	77.3
BT04_F08_S4_W17_1_	22622	20641	20371	20195	19521	18815	83.2
BT04_F09_S3_W17_1_	21708	19894	19653	19587	18910	18111	83.4
BT04_F09_S4_W17_1_	3976	3460	3414	3423	3319	3200	80.5
BT04_F10_S3_W17_1_	32041	29864	29671	29697	29331	27941	87.2
BT04_F10_S4_W17_1_	21846	20499	20385	20316	20112	19869	91
BT05_F01_S3_W17_1_	40488	36390	36165	36023	35042	32437	80.1
BT05_F01_S4_W17_1_	14422	12799	12688	12703	12527	11973	83
BT05_F02_S3_W17_1_	32437	29334	29207	29250	28972	27716	85.4
BT05_F02_S4_W17_1_	157122	140928	140378	139875	136000	128398	81.7
BT05_F03_S3_W17_1_	43384	37884	37736	37706	37354	35650	82.2
BT05_F03_S4_W17_1_	26379	23221	22762	22861	21953	21508	81.5
BT05_F04_S3_W17_1_	15425	13785	13702	13700	13557	13299	86.2
BT05_F04_S4_W17_1_	916	805	787	778	771	771	84.2
BT05_F05_S3_W17_1_	10809	9331	9228	9205	9043	8584	79.4
BT05_F05_S4_W17_1_	9219	8119	7986	8033	7734	7479	81.1
BT05_F06_S3_W17_1_	9630	8604	8491	8524	8349	8044	83.5
BT05_F06_S4_W17_1_	11998	10832	10765	10761	10616	10467	87.2
BT05_F07_S3_W17_1_	82854	73980	73738	73735	72928	71499	86.3
BT05_F07_S4_W17_1_	105314	95944	95109	94162	89791	86036	81.7
BT05_F08_S3_W17_1_	63643	57411	57173	57012	56366	54293	85.3
BT05_F08_S4_W17_1_	13333	10766	10604	10581	10161	9845	73.8
BT05_F09_S3_W17_1_	45386	42460	42171	41955	40723	37544	82.7
BT05_F09_S4_W17_1_	45561	40999	40744	40647	39945	38409	84.3
BT05_F10_S3_W17_1_	4814	4159	4061	4116	3893	3328	69.1
BT05_F10_S4_W17_1_	47630	42967	42682	42710	42084	41104	86.3
Ctrl_Feed_1_1_	138849	125300	124107	123687	117922	102425	73.8
Ctrl_Feed_2_1_	73835	67437	66522	66685	63822	61348	83.1
Ctrl_Feed_3_1_	65313	57982	56846	57173	53575	46559	71.3
ET01_F01_S3_W17_1_	315468	290696	289543	289379	286396	284142	90.1
ET01_F01_S4_W17_1_	39252	35227	34986	34865	33990	32933	83.9
ET01_F02_S3_W17_1_	186434	170259	169669	169671	168432	167181	89.7
ET01_F02_S4_W17_1_	118228	109649	108409	108692	104322	90370	76.4
ET01_F03_S3_W17_1_	123580	113845	113610	113567	112886	112280	90.9
ET01_F03_S4_W17_1_	185031	160112	159574	159054	156924	154244	83.4
ET01_F04_S3_W17_1_	102586	94714	94602	94416	94006	93432	91.1
ET01_F04_S4_W17_1_	131373	121284	121090	120869	119752	118340	90.1
ET01_F05_S3_W17_1_	12745	11698	11673	11644	11578	11571	90.8
ET01_F05_S4_W17_1_	65160	59798	59683	59519	59172	58910	90.4
ET01_F06_S3_W17_1_	126485	110471	110322	109870	109364	108602	85.9
ET01_F06_S4_W17_1_	212425	197553	197081	196503	195193	193480	91.1
ET01_F07_S3_W17_1_	122868	116447	116348	116285	115885	114832	93.5
ET01_F07_S4_W17_1_	161392	141386	141316	141054	140876	140176	86.9
ET01_F08_S3_W17_1_	226120	208138	207813	207506	206154	202815	89.7
ET01_F08_S4_W17_1_	160489	144442	144205	144003	142983	141773	88.3
ET01_F09_S3_W17_1_	74565	69393	69095	68914	68361	67527	90.6
ET01_F09_S4_W17_1_	189791	162411	162009	161747	159418	154231	81.3
ET01_F10_S3_W17_1_	63927	54845	54700	54644	54147	53340	83.4
ET01_F10_S4_W17_1_	157493	140119	139955	139400	137164	132061	83.9
ET01_F11_S3_W17_1_	118711	110524	110237	110204	109339	108933	91.8
ET01_F11_S4_W17_1_	257295	229806	229033	229307	227784	227233	88.3
ET01_F12_S3_W17_1_	162675	143393	143039	142974	141793	139708	85.9
ET01_F12_S4_W17_1_	153001	139110	138328	138353	135854	133657	87.4
ET01_F13_S3_W17_1_	142358	131242	131147	130919	130328	129529	91
ET01_F13_S4_W17_1_	538515	438415	437111	437872	433429	429273	79.7
ET01_F14_S3_W17_1_	199051	183239	183002	182911	181641	180513	90.7
ET01_F14_S4_W17_1_	143256	122146	121790	121632	120804	119920	83.7
ET01_F15_S3_W17_1_	81873	76779	76571	76537	76208	76043	92.9
ET01_F15_S4_W17_1_	125483	111003	110733	110518	108728	106693	85
ET01_F16_S3_W17_1_	45716	40123	39985	40008	39606	39348	86.1
ET01_F16_S4_W17_1_	88031	74885	74540	74605	73619	70860	80.5
ET01_F17_S3_W17_1_	92269	83717	83651	83387	83232	83068	90
ET01_F17_S4_W17_1_	78998	73139	72923	72777	72472	71988	91.1
ET01_F18_S3_W17_1_	47428	37817	37556	37500	36317	35429	74.7
ET01_F18_S4_W17_1_	152114	108945	108590	108493	106829	105182	69.1
ET01_F19_S3_W17_1_	64493	57697	57537	57422	56925	56441	87.5
ET01_F19_S4_W17_1_	20347	18634	18579	18536	18467	18344	90.2
ET01_F20_S3_W17_1_	24049	21425	21207	21319	20817	20006	83.2
ET01_F20_S4_W17_1_	53617	49533	49256	49240	48546	47623	88.8
ET01_F21_S3_W17_1_	67292	51926	51612	51448	48797	42044	62.5
ET01_F21_S4_W17_1_	131792	120514	120132	120058	116654	101904	77.3
ET01_F22_S3_W17_1_	254805	233809	233693	233108	232386	231642	90.9
ET01_F22_S4_W17_1_	118788	108737	108295	108326	106770	103135	86.8
ET01_F23_S3_W17_1_	89732	83871	83620	83428	82889	81947	91.3
ET01_F23_S4_W17_1_	41221	36438	36307	36133	35832	35645	86.5
ET01_F24_S3_W17_1_	93325	79196	79119	78978	78833	78219	83.8
ET01_F24_S4_W17_1_	88886	78137	77967	77952	77551	76870	86.5
ET01_F25_S3_W17_1_	294470	258336	257786	257833	254509	242855	82.5
ET01_F25_S4_W17_1_	88850	81477	81203	81104	79942	79255	89.2
ET01_F26_S3_W17_1_	148004	136228	136037	136024	135203	134199	90.7
ET01_F26_S4_W17_1_	58038	54283	54190	54031	53620	53135	91.6
ET01_F27_S3_W17_1_	244942	224442	224191	223678	222698	221971	90.6
ET01_F27_S4_W17_1_	98771	91611	90802	90646	87277	82920	84
ET01_F28_S3_W17_1_	25323	22884	22693	22745	22290	21215	83.8
ET01_F28_S4_W17_1_	302394	263707	263032	263227	260948	259440	85.8
ET01_F29_S3_W17_1_	426960	362173	361853	361544	359821	359390	84.2
ET01_F29_S4_W17_1_	21503	18781	18591	18644	18335	18234	84.8
ET01_F30_S3_W17_1_	145290	131898	130507	130691	125445	111691	76.9
ET01_F30_S4_W17_1_	53368	46150	46056	46067	45885	45781	85.8
ET01_F31_S3_W17_1_	23285	21848	21627	21699	21405	21031	90.3
ET01_F31_S4_W17_1_	62167	54299	54133	53995	53495	52998	85.3
ET01_F32_S3_W17_1_	77718	68150	68036	67946	67608	67233	86.5
ET01_F32_S4_W17_1_	57246	53018	52913	52882	52655	52213	91.2
ET01_F33_S3_W17_1_	9619	8718	8673	8657	8613	8613	89.5
ET01_F33_S4_W17_1_	80238	73324	72686	72640	70461	69295	86.4
ET01_F34_S3_W17_1_	176531	164888	164392	163882	158915	145682	82.5
ET01_F34_S4_W17_1_	19485	15726	15510	15559	14513	12885	66.1
ET01_F35_S3_W17_1_	155706	132852	132639	132534	131428	129937	83.5
ET01_F35_S4_W17_1_	73817	63861	63495	63519	62282	59589	80.7
ET01_F36_S3_W17_1_	74200	63783	63616	63626	63242	62854	84.7
ET01_F36_S4_W17_1_	111412	102004	101786	101729	101040	100816	90.5
ET01_F37_S3_W17_1_	68905	59602	59380	59382	58857	58563	85
ET01_F37_S4_W17_1_	121977	111279	110924	110763	110084	109458	89.7
ET01_F38_S3_W17_1_	213164	199835	199087	199074	196189	191993	90.1
ET01_F38_S4_W17_1_	87072	82413	81503	81098	76759	72336	83.1
ET01_F39_S3_W17_1_	84186	72208	72034	72058	71656	71366	84.8
ET01_F39_S4_W17_1_	303303	267339	266717	265657	264078	259982	85.7
ET01_F40_S3_W17_1_	280512	246974	245613	245665	241905	233440	83.2
ET01_F40_S4_W17_1_	138424	130297	130160	129921	129335	128280	92.7
ET02_F01_S3_W17_1_	33770	31036	30867	30819	29910	29280	86.7
ET02_F01_S4_W17_1_	148523	136135	135431	134892	131101	121484	81.8
ET02_F02_S3_W17_1_	11955	10385	10270	10217	9969	9952	83.2
ET02_F02_S4_W17_1_	35839	33292	33086	32950	32582	31269	87.2
ET02_F03_S3_W17_1_	15808	13532	13320	13204	12306	12060	76.3
ET02_F03_S4_W17_1_	7649	6613	6462	6507	6223	6118	80
ET02_F04_S3_W17_1_	52231	47478	47188	47051	46207	44473	85.1
ET02_F04_S4_W17_1_	154023	132762	131781	131959	127716	123375	80.1
ET02_F05_S3_W17_1_	14944	13373	13207	13050	12318	11213	75
ET02_F05_S4_W17_1_	61901	57200	56892	56819	56125	54621	88.2
ET02_F06_S3_W17_1_	74276	68500	68153	68186	67016	63551	85.6
ET02_F06_S4_W17_1_	312757	268955	268320	268020	261136	252058	80.6
ET02_F07_S3_W17_1_	23942	21202	20947	20960	20546	20251	84.6
ET02_F07_S4_W17_1_	106577	96111	95777	95774	95034	94692	88.8
ET02_F08_S3_W17_1_	64300	58599	58363	57807	56025	53853	83.8
ET02_F08_S4_W17_1_	17695	15237	15202	15090	12258	12039	68
ET02_F09_S3_W17_1_	9121	8175	8081	8086	7858	6982	76.5
ET02_F09_S4_W17_1_	21893	18837	18454	18620	17768	17372	79.3
ET02_F10_S3_W17_1_	1863	1692	1669	1638	1610	1593	85.5
ET02_F10_S4_W17_1_	25302	22368	22284	22230	22043	21845	86.3
ET03_F01_S3_W17_1_	51032	45316	45207	45100	44850	44235	86.7
ET03_F01_S4_W17_1_	200623	176240	175096	174404	169308	154850	77.2
ET03_F02_S3_W17_1_	101772	92320	90817	90925	85500	75076	73.8
ET03_F02_S4_W17_1_	251505	219274	218133	217247	211424	190297	75.7
ET03_F03_S3_W17_1_	11316	9722	9655	9627	9460	9412	83.2
ET03_F03_S4_W17_1_	44800	41024	40707	40783	39793	37737	84.2
ET03_F04_S3_W17_1_	11897	11071	10933	10947	10728	10135	85.2
ET03_F04_S4_W17_1_	242571	204349	204042	203402	201552	193499	79.8
ET03_F05_S3_W17_1_	13560	12258	12177	12136	11975	11828	87.2
ET03_F05_S4_W17_1_	26214	23840	23617	23562	23077	22027	84
ET03_F06_S3_W17_1_	12548	11168	11098	11054	10918	10573	84.3
ET03_F06_S4_W17_1_	128544	113777	112378	113168	109119	103738	80.7
ET03_F07_S3_W17_1_	12032	10677	10473	10516	10162	9934	82.6
ET03_F07_S4_W17_1_	161086	142986	142329	142009	138706	134017	83.2
ET03_F08_S3_W17_1_	1501	1363	1350	1336	1322	1315	87.6
ET03_F08_S4_W17_1_	99699	91254	90341	90451	87466	81041	81.3
ET03_F09_S3_W17_1_	18728	16491	16286	16334	16022	15617	83.4
ET03_F09_S4_W17_1_	4847	4289	4239	4225	4091	4077	84.1
ET03_F10_S3_W17_1_	23437	21057	20901	20876	20497	19993	85.3
ET03_F10_S4_W17_1_	13725	12830	12698	12744	12455	11642	84.8
ET04_F01_S3_W17_1_	13874	12705	12602	12582	12409	12062	86.9
ET04_F01_S4_W17_1_	69529	61333	61035	60793	59072	56330	81
ET04_F02_S3_W17_1_	72906	66117	65379	65025	62168	54219	74.4
ET04_F02_S4_W17_1_	63074	57208	56912	56855	56044	53759	85.2
ET04_F03_S3_W17_1_	12728	11594	11425	11426	10933	10223	80.3
ET04_F03_S4_W17_1_	5111	4431	4324	4394	4218	4058	79.4
ET04_F04_S3_W17_1_	82469	78625	78471	78234	77579	73878	89.6
ET04_F04_S4_W17_1_	72554	63681	63453	63336	62536	60897	83.9
ET04_F05_S3_W17_1_	10516	9430	9352	9237	9015	8533	81.1
ET04_F05_S4_W17_1_	17069	15058	14955	14872	14546	14047	82.3
ET04_F06_S3_W17_1_	30733	25956	25776	25644	25302	24788	80.7
ET04_F06_S4_W17_1_	23369	19642	19364	19440	18388	18141	77.6
ET04_F07_S3_W17_1_	20384	18391	18215	17999	17052	16773	82.3
ET04_F07_S4_W17_1_	101362	85201	84900	84699	81183	78864	77.8
ET04_F08_S3_W17_1_	34120	31447	31354	31306	31160	30137	88.3
ET04_F08_S4_W17_1_	87524	75517	75375	75184	74419	72762	83.1
ET04_F09_S3_W17_1_	10756	9761	9652	9679	9383	9211	85.6
ET04_F09_S4_W17_1_	6631	5892	5793	5767	5510	5227	78.8
ET04_F10_S3_W17_1_	121813	105248	104849	104750	102435	101241	83.1
ET04_F10_S4_W17_1_	80287	72864	72471	72455	71111	68425	85.2
ET05_F01_S3_W17_1_	22900	20992	20824	20780	20414	19545	85.3
ET05_F01_S4_W17_1_	49946	46144	45978	45776	45089	43887	87.9
ET05_F02_S3_W17_1_	131972	119966	119613	119177	117296	108101	81.9
ET05_F02_S4_W17_1_	13484	10802	10774	10753	10662	10625	78.8
ET05_F03_S3_W17_1_	159852	140514	139801	139804	136946	134118	83.9
ET05_F03_S4_W17_1_	33988	30283	30256	30114	30041	29853	87.8
ET05_F04_S3_W17_1_	16716	15218	15076	15074	14779	14399	86.1
ET05_F04_S4_W17_1_	183743	161534	160964	160867	157113	154139	83.9
ET05_F05_S3_W17_1_	59048	54308	54204	54182	53627	53250	90.2
ET05_F05_S4_W17_1_	119982	111941	111692	111244	109703	103660	86.4
ET05_F06_S3_W17_1_	101337	94242	93841	93743	92574	89908	88.7
ET05_F06_S4_W17_1_	26707	22754	22631	22595	22232	21645	81
ET05_F07_S3_W17_1_	155859	136156	135198	135139	131194	120050	77
ET05_F07_S4_W17_1_	6879	6123	6055	6078	5987	5561	80.8
ET05_F08_S3_W17_1_	180216	154647	154307	153850	152117	144898	80.4
ET05_F08_S4_W17_1_	62824	58779	58550	58375	57341	53830	85.7
ET05_F09_S3_W17_1_	98718	86428	86068	85449	83205	79233	80.3
ET05_F09_S4_W17_1_	12465	10856	10665	10572	10139	9895	79.4
ET05_F10_S3_W17_1_	59798	50685	50514	50449	50099	48833	81.7
ET05_F10_S4_W17_1_	71479	63763	63352	63551	62847	62250	87.1
Ext_Neg_1_1_	90503	77182	76983	76875	76165	74831	82.7
Ext_Neg_10_1_	6034	5607	5572	5568	5529	5523	91.5
Ext_Neg_2_1_	35832	32204	32046	32028	31596	31135	86.9
Ext_Neg_3_1_	29660	24994	24908	24829	24599	24004	80.9
Ext_Neg_4_1_	8841	7781	7529	7589	7165	6989	79.1
Ext_Neg_5_1_	14243	12537	12396	12353	11938	11218	78.8
Ext_Neg_6_1_	20644	17776	17311	17486	16600	15453	74.9
Ext_Neg_7_1_	12195	10869	10805	10749	10554	10155	83.3
Ext_Neg_8_1_	33678	29357	29221	29245	29038	28914	85.9
Ext_Neg_9_1_	52942	47900	47689	47675	46988	46501	87.8
Extraction_Neg1_1_	139466	130483	129099	128950	122676	104190	74.7
Extraction_Neg2_1_	113622	101404	100306	100522	96284	90713	79.8
Extraction_Neg3_1_	46843	43771	43291	43308	41942	40671	86.8
Extraction_Neg4_1_	90816	77563	76750	77035	70325	68776	75.7
Extraction_Neg5_1_	10076	9622	9520	9443	9256	9020	89.5
Extraction_Neg6_1_	4820	4372	4219	4171	3889	3823	79.3
Extraction_Neg7_1_	13133	12351	11960	12021	11069	10076	76.7
Extraction_Neg8_1_	9223	8476	8291	8300	8001	7544	81.8
Lib_Blk_1_1_	4852	4375	4298	4320	4215	4004	82.5
Lib_Blk_10_1_	741	677	649	647	616	603	81.4
Lib_Blk_2_1_	10469	9045	8837	8841	8451	7357	70.3
Lib_Blk_3_1_	19858	17886	17701	17711	17282	16891	85.1
Lib_Blk_4_1_	127985	118790	117572	117302	111531	85906	67.1
Lib_Blk_5_1_	30333	25560	25362	25361	24780	23929	78.9
Lib_Blk_6_1_	20957	18037	17959	17845	17563	17065	81.4
Lib_Blk_7_1_	7779	6886	6681	6777	6358	5597	72
Lib_Blk_8_1_	13896	12444	12291	12341	12050	11773	84.7
Lib_Blk_9_1_	8819	8247	8108	8144	7864	7004	79.4
PCR_Blk_1_1_	103408	92074	90798	91492	86945	83603	80.8
PCR_Blk_10_1_	23388	21375	20994	21009	20128	18336	78.4
PCR_Blk_2_1_	18192	16126	15909	15955	15367	14524	79.8
PCR_Blk_3_1_	6519	5856	5728	5742	5476	5054	77.5
PCR_Blk_4_1_	10845	9150	8876	8923	8428	8248	76.1
PCR_Blk_5_1_	17432	14822	14650	14662	14307	13963	80.1
PCR_Blk_6_1_	4853	4314	4236	4241	4097	3849	79.3
PCR_Blk_7_1_	11140	10509	10369	10305	10031	9765	87.7
PCR_Blk_8_1_	29270	27359	27044	26917	26177	25514	87.2
PCR_Blk_9_1_	8669	8083	7902	7833	7349	6887	79.4
Pro_Feed_1_1_	124800	117020	116281	115495	112877	109123	87.4
Pro_Feed_2_1_	42081	37275	36808	36417	34962	33698	80.1
Pro_Feed_3_1_	128115	120831	120352	120360	119050	116844	91.2
Syn_Feed_1_1_	50822	47719	47237	47111	45965	44816	88.2
Syn_Feed_2_1_	60065	53435	52604	52657	50111	46586	77.6
Syn_Feed_3_1_	39800	35363	34480	34985	32766	31572	79.3
Water_sample_1_1_	102856	97241	96335	95870	92061	87442	85
Water_sample_2_1_	62592	56532	55798	55240	52836	49984	79.9
Water_sample_3_1_	65009	60894	60223	60177	57952	55481	85.3
Water_sample_4_1_	41729	37380	36664	36938	34906	31653	75.9
Water_sample_5_1_	72563	68165	67461	67163	64769	63224	87.1
ZT01_F01_S3_W17_1_	60413	54658	54474	54511	54135	53776	89
ZT01_F01_S4_W17_1_	17215	15499	15393	15290	15075	14505	84.3
ZT01_F02_S3_W17_1_	173016	147160	146991	146754	145964	144325	83.4
ZT01_F02_S4_W17_1_	118545	106433	105265	105638	102443	97673	82.4
ZT01_F03_S3_W17_1_	87961	78233	77908	77949	76941	76342	86.8
ZT01_F03_S4_W17_1_	30654	26744	26485	26429	25730	24708	80.6
ZT01_F04_S3_W17_1_	739444	570529	568415	568710	556811	478118	64.7
ZT01_F04_S4_W17_1_	115296	102738	100464	101926	95919	91531	79.4
ZT01_F05_S3_W17_1_	318876	273137	272270	272498	265411	256093	80.3
ZT01_F05_S4_W17_1_	9937	9081	8934	8808	8462	7118	71.6
ZT01_F06_S3_W17_1_	72976	67165	66859	66803	65785	63145	86.5
ZT01_F06_S4_W17_1_	279590	243426	242056	242398	236956	212701	76.1
ZT01_F07_S3_W17_1_	36013	31426	31270	31337	31065	30983	86
ZT01_F07_S4_W17_1_	177528	151551	150986	150844	149119	140014	78.9
ZT01_F08_S3_W17_1_	83462	78395	78055	77876	76634	73140	87.6
ZT01_F08_S4_W17_1_	61966	56856	56604	56411	55445	52410	84.6
ZT01_F09_S3_W17_1_	14820	13744	13537	13548	13194	13023	87.9
ZT01_F09_S4_W17_1_	24263	22651	22562	22561	22442	22302	91.9
ZT01_F10_S3_W17_1_	40721	37784	37599	37601	37023	36150	88.8
ZT01_F10_S4_W17_1_	89228	79643	79326	79258	78704	77648	87
ZT01_F11_S3_W17_1_	83634	72566	72272	72027	70804	68508	81.9
ZT01_F11_S4_W17_1_	15824	13724	13583	13637	13338	12928	81.7
ZT01_F12_S3_W17_1_	45376	42300	41930	41965	41177	41046	90.5
ZT01_F12_S4_W17_1_	73302	66702	66336	66363	64569	64198	87.6
ZT01_F13_S3_W17_1_	11537	10384	10297	10219	9948	9433	81.8
ZT01_F13_S4_W17_1_	7741	6852	6810	6789	6713	6648	85.9
ZT01_F14_S3_W17_1_	30880	28242	28005	27969	27231	25563	82.8
ZT01_F14_S4_W17_1_	33869	30807	30616	30605	30095	29047	85.8
ZT01_F15_S3_W17_1_	116842	103970	103471	103578	101911	98444	84.3
ZT01_F15_S4_W17_1_	2144	1881	1833	1833	1785	1720	80.2
ZT01_F16_S3_W17_1_	23194	19910	19856	19833	19718	19604	84.5
ZT01_F16_S4_W17_1_	66159	61974	61841	61707	61420	60867	92
ZT01_F17_S3_W17_1_	136891	116686	116203	116138	113960	107111	78.2
ZT01_F17_S4_W17_1_	95242	84695	84424	84126	83049	80690	84.7
ZT01_F18_S3_W17_1_	17065	16144	15996	15890	15430	14008	82.1
ZT01_F18_S4_W17_1_	52333	46240	45881	45749	44505	43069	82.3
ZT01_F19_S3_W17_1_	21415	19590	19292	19372	18779	18312	85.5
ZT01_F19_S4_W17_1_	105510	97199	96887	96888	95934	92970	88.1
ZT01_F20_S3_W17_1_	40362	37428	37211	37213	36566	35282	87.4
ZT01_F20_S4_W17_1_	30706	25147	24807	24873	24318	23474	76.4
ZT01_F21_S3_W17_1_	161458	137942	137323	137497	135910	128584	79.6
ZT01_F21_S4_W17_1_	16484	15648	15502	15535	15246	14942	90.6
ZT01_F22_S3_W17_1_	27073	24702	24593	24429	24217	23917	88.3
ZT01_F22_S4_W17_1_	20610	18395	18141	18176	17663	17091	82.9
ZT01_F23_S3_W17_1_	54878	50908	50706	50569	49971	49342	89.9
ZT01_F23_S4_W17_1_	148360	139148	138030	138159	134904	128843	86.8
ZT01_F24_S3_W17_1_	25488	23683	23549	23532	23204	22483	88.2
ZT01_F24_S4_W17_1_	32759	29233	28969	28693	27327	25361	77.4
ZT01_F25_S3_W17_1_	36862	31667	31532	31424	30906	29761	80.7
ZT01_F25_S4_W17_1_	106492	92719	92512	92484	91907	91148	85.6
ZT01_F26_S3_W17_1_	25055	21996	21843	21821	21471	20109	80.3
ZT01_F26_S4_W17_1_	60714	55339	55077	55143	54653	53850	88.7
ZT01_F27_S3_W17_1_	28437	26162	26078	26018	25790	25430	89.4
ZT01_F27_S4_W17_1_	15778	14301	14182	14185	13989	13534	85.8
ZT01_F28_S3_W17_1_	48378	42885	42552	42587	40592	37447	77.4
ZT01_F28_S4_W17_1_	53249	48051	47802	47695	46538	44608	83.8
ZT01_F29_S3_W17_1_	37927	35378	35188	35180	34469	33286	87.8
ZT01_F29_S4_W17_1_	11138	9991	9924	9924	9819	9737	87.4
ZT01_F30_S3_W17_1_	159892	144939	143911	143966	139540	129493	81
ZT01_F30_S4_W17_1_	106604	89722	89433	89349	88322	86624	81.3
ZT01_F31_S3_W17_1_	44545	39157	39050	38988	38585	38099	85.5
ZT01_F31_S4_W17_1_	310333	258571	258002	257973	255713	254599	82
ZT01_F32_S3_W17_1_	2240	2061	1991	1987	1917	1910	85.3
ZT01_F32_S4_W17_1_	27154	24138	23978	23995	23430	22107	81.4
ZT01_F33_S3_W17_1_	22844	21206	21081	20987	20701	20159	88.2
ZT01_F33_S4_W17_1_	53089	47836	47289	47380	45882	44693	84.2
ZT01_F34_S3_W17_1_	82023	70208	69893	69727	68691	64760	79
ZT01_F34_S4_W17_1_	6317	5451	5354	5315	4962	4849	76.8
ZT01_F35_S3_W17_1_	34048	31060	30945	30948	30755	30542	89.7
ZT01_F35_S4_W17_1_	16214	13416	13267	13252	12878	12397	76.5
ZT01_F36_S3_W17_1_	89381	82078	81766	81875	81126	80346	89.9
ZT01_F36_S4_W17_1_	4796	4293	4133	4215	4017	3852	80.3
ZT01_F37_S3_W17_1_	62312	58752	58524	58411	57552	56308	90.4
ZT01_F37_S4_W17_1_	63425	57137	56679	56559	55041	52193	82.3
ZT01_F38_S3_W17_1_	34845	30533	30401	30345	29885	27887	80
ZT01_F38_S4_W17_1_	175656	154820	154278	153802	151543	141390	80.5
ZT01_F39_S3_W17_1_	10136	8445	8417	8393	8223	8127	80.2
ZT01_F39_S4_W17_1_	17837	15694	15525	15534	15109	14659	82.2
ZT01_F40_S3_W17_1_	19684	17622	17530	17425	16691	16066	81.6
ZT01_F40_S4_W17_1_	32969	29602	29429	29418	28937	27127	82.3
ZT02_F01_S3_W17_1_	46588	38919	38748	38610	37741	35735	76.7
ZT02_F01_S4_W17_1_	112642	102452	101817	101661	98973	91937	81.6
ZT02_F02_S3_W17_1_	87726	76782	76435	76194	74738	71209	81.2
ZT02_F02_S4_W17_1_	33610	30189	29948	29859	29042	27193	80.9
ZT02_F03_S3_W17_1_	111974	97314	96950	96564	95169	87890	78.5
ZT02_F03_S4_W17_1_	61489	52303	51712	51559	49090	45777	74.4
ZT02_F04_S3_W17_1_	10728	9794	9503	9521	9032	8466	78.9
ZT02_F04_S4_W17_1_	126745	119719	119598	119385	118428	117560	92.8
ZT02_F05_S3_W17_1_	46108	43098	42979	42837	42408	41393	89.8
ZT02_F05_S4_W17_1_	8254	7269	7132	7192	6997	6705	81.2
ZT02_F06_S3_W17_1_	10107	8438	8349	8265	7870	7792	77.1
ZT02_F06_S4_W17_1_	12988	11311	11154	11149	10745	10510	80.9
ZT02_F07_S3_W17_1_	4056	3547	3425	3458	3234	3131	77.2
ZT02_F07_S4_W17_1_	35129	32103	32000	31901	31603	29797	84.8
ZT02_F08_S3_W17_1_	9817	8916	8890	8875	8503	8390	85.5
ZT02_F08_S4_W17_1_	44991	40654	40316	40271	39368	38166	84.8
ZT02_F09_S3_W17_1_	10507	9594	9509	9518	9339	9237	87.9
ZT02_F09_S4_W17_1_	20120	18384	18192	18226	17816	16681	82.9
ZT02_F10_S3_W17_1_	8955	7852	7760	7747	7592	6935	77.4
ZT02_F10_S4_W17_1_	123210	101265	100780	100711	99545	95777	77.7
ZT03_F01_S3_W17_1_	45924	41428	40989	41039	39832	37304	81.2
ZT03_F01_S4_W17_1_	105313	89880	89597	89572	88740	87417	83
ZT03_F02_S3_W17_1_	221740	191845	191145	190842	187733	179300	80.9
ZT03_F02_S4_W17_1_	152739	135151	134374	134690	132056	125673	82.3
ZT03_F03_S3_W17_1_	13215	11412	11325	11270	9990	9842	74.5
ZT03_F03_S4_W17_1_	71328	63667	63288	62994	61599	59213	83
ZT03_F04_S3_W17_1_	1561	1378	1344	1298	1140	1110	71.1
ZT03_F04_S4_W17_1_	19993	17635	17399	17428	16972	16685	83.5
ZT03_F05_S3_W17_1_	218652	178662	178310	178416	177298	176031	80.5
ZT03_F05_S4_W17_1_	16025	14656	14507	14492	14283	14005	87.4
ZT03_F06_S3_W17_1_	53461	49167	48955	48834	48176	47527	88.9
ZT03_F06_S4_W17_1_	20810	17714	17474	17461	16813	16300	78.3
ZT03_F07_S3_W17_1_	25392	22083	21835	21856	21307	20640	81.3
ZT03_F07_S4_W17_1_	17197	15482	15275	15198	14508	13733	79.9
ZT03_F08_S3_W17_1_	6215	5689	5572	5549	5282	4819	77.5
ZT03_F08_S4_W17_1_	16342	14558	14409	14354	13904	13189	80.7
ZT03_F09_S3_W17_1_	66828	61492	61195	61264	59478	57873	86.6
ZT03_F09_S4_W17_1_	61570	56638	56266	55972	52571	51413	83.5
ZT03_F10_S3_W17_1_	7433	6562	6519	6531	6491	6478	87.2
ZT03_F10_S4_W17_1_	24713	22197	22048	22083	21820	21172	85.7
ZT04_F01_S3_W17_1_	36143	29119	28894	28907	28359	27896	77.2
ZT04_F01_S4_W17_1_	2776	2476	2454	2439	2425	2420	87.2
ZT04_F02_S3_W17_1_	27909	25087	25002	24977	24741	24248	86.9
ZT04_F02_S4_W17_1_	73914	61926	61037	60793	56762	47812	64.7
ZT04_F03_S3_W17_1_	27029	22612	22528	22358	22081	20737	76.7
ZT04_F03_S4_W17_1_	35079	31650	31472	31474	31205	29722	84.7
ZT04_F04_S3_W17_1_	27222	23595	23406	23390	22711	21666	79.6
ZT04_F04_S4_W17_1_	7358	6663	6587	6608	6472	6386	86.8
ZT04_F05_S3_W17_1_	16449	15218	15082	14968	14679	14010	85.2
ZT04_F05_S4_W17_1_	13050	11108	10988	10960	10662	10532	80.7
ZT04_F06_S3_W17_1_	81206	71381	71092	71019	69913	68522	84.4
ZT04_F06_S4_W17_1_	10603	9606	9481	9548	9294	9083	85.7
ZT04_F07_S3_W17_1_	75195	69041	67983	68538	65672	63815	84.9
ZT04_F07_S4_W17_1_	30857	27532	27267	27291	26647	25243	81.8
ZT04_F08_S3_W17_1_	7790	7123	6973	6979	6601	5804	74.5
ZT04_F08_S4_W17_1_	155419	135535	134997	134806	132266	127133	81.8
ZT04_F09_S3_W17_1_	183311	159038	158317	158430	154710	151710	82.8
ZT04_F09_S4_W17_1_	16867	15447	15279	15254	14955	14793	87.7
ZT04_F10_S3_W17_1_	120211	96833	96143	95718	92033	87285	72.6
ZT04_F10_S4_W17_1_	8196	7303	7259	7242	7185	7040	85.9
ZT05_F01_S3_W17_1_	102758	86705	86349	86370	84976	82644	80.4
ZT05_F01_S4_W17_1_	24201	21384	21222	21116	20537	19004	78.5
ZT05_F02_S3_W17_1_	53488	49232	49056	48939	47246	40118	75
ZT05_F02_S4_W17_1_	1116	921	897	868	853	850	76.2
ZT05_F03_S3_W17_1_	32262	29891	29541	29034	27306	25346	78.6
ZT05_F03_S4_W17_1_	38025	34619	34256	34373	33507	31770	83.6
ZT05_F04_S3_W17_1_	42321	35736	35582	35518	34231	33567	79.3
ZT05_F04_S4_W17_1_	88590	77320	76857	76917	75593	73663	83.2
ZT05_F05_S3_W17_1_	11670	10068	9919	9947	9684	8186	70.1
ZT05_F05_S4_W17_1_	34758	30358	30290	30186	29367	28953	83.3
ZT05_F06_S3_W17_1_	11899	10742	10612	10656	10448	10118	85
ZT05_F06_S4_W17_1_	11321	9931	9886	9875	9500	9492	83.8
ZT05_F07_S3_W17_1_	15315	12975	12782	12779	11791	11551	75.4
ZT05_F07_S4_W17_1_	25462	22866	22789	22755	22554	21723	85.3
ZT05_F08_S3_W17_1_	13479	12098	12021	12028	11835	11794	87.5
ZT05_F08_S4_W17_1_	34492	32269	32137	32050	31816	31545	91.5
ZT05_F09_S3_W17_1_	18455	15450	15285	15290	14969	14822	80.3
ZT05_F09_S4_W17_1_	746209	537625	536144	536475	526273	475874	63.8
ZT05_F10_S3_W17_1_	15997	14476	14368	14305	14037	13830	86.5
ZT05_F10_S4_W17_1_	13307	11695	11467	11517	11051	10332	77.6
